POS,SEQ,ATOM,SCORE,COLOR,CONFIDENCE_INTERVAL,B/E,F/S,MSA DATA,RESIDUE_VARIETY
1,T,THR:0:A,0.533,4,"(-0.385, 1.197, 6, 3)",e,,18/443,"A 38%, K 16%, T 11%, L 11%, I 11%, E 5%, V 5%"
2,L,LEU:1:A,1.811,2,"(0.73, 3.297, 4, 1)",e,,41/443,"A 19%, Y 17%, T 14%, H 14%, V 12%, S 7%, L 4%, I 4%, M 2%, N 2%"
3,E,GLU:2:A,2.17,2,"(1.197, 3.297, 3, 1)",e,,43/443,"V 20%, F 18%, I 11%, K 11%, L 9%, S 6%, A 4%, D 4%, M 4%, E 2%, T 2%, Y 2%"
4,E,GLU:3:A,2.153,2,"(1.197, 3.297, 3, 1)",e,,45/443,"R 28%, F 20%, L 8%, K 8%, A 6%, G 6%, H 6%, V 4%, E 2%, I 2%, W 2%, S 2%"
5,E,GLU:4:A,1.324,3,"(0.395, 2.036, 4, 2)",b,,42/443,"L 38%, S 19%, V 19%, P 7%, I 4%, A 4%, E 2%, F 2%, R 2%"
6,L,LEU:5:A,2.403,2,"(1.197, 3.297, 3, 1)",b,,46/443,"V 23%, L 19%, A 19%, H 6%, C 6%, Y 4%, I 4%, Q 4%, S 4%, M 2%, G 2%, E 2%"
7,K,LYS:6:A,2.985,1,"(2.036, 3.297, 2, 1)",b,,46/443,"A 19%, L 17%, H 10%, R 10%, V 8%, I 8%, F 6%, T 4%, G 4%, K 2%, M 2%, S 2%, C 2%"
8,E,GLU:7:A,1.763,3,"(0.552, 3.297, 4, 1)",b,,49/443,"S 32%, I 22%, H 16%, L 8%, K 6%, A 4%, M 4%, E 2%, P 2%, T 2%"
9,R,ARG:8:A,2.44,2,"(1.197, 3.297, 3, 1)",b,,53/443,"I 22%, H 15%, P 15%, S 13%, A 5%, M 5%, Q 5%, V 3%, L 3%, N 3%, R 1%, E 1%, T 1%"
10,I,ILE:9:A,0.617,4,"(0.129, 0.94, 5, 4)",b,,368/443,"L 36%, F 18%, V 15%, I 13%, W 12%, Y 1%, T <1%, M <1%, C <1%, A <1%"
11,D,ASP:10:A,0.491,4,"(0.012, 0.73, 5, 4)",e,,369/443,"A 39%, K 24%, N 14%, E 8%, S 4%, R 2%, D 1%, H 1%, V 1%, Q <1%, G <1%, F <1%"
12,A,ALA:11:A,2.172,2,"(1.197, 3.297, 3, 1)",e,,370/443,"A 26%, K 21%, D 19%, E 16%, L 4%, S 3%, Q 2%, N 1%, R 1%, T 1%, G <1%, C <1%"
13,L,LEU:12:A,0.15,5,"(-0.293, 0.395, 6, 4)",b,,370/443,"L 57%, A 13%, H 5%, E 5%, Y 5%, S 5%, I 3%, C 1%, F 1%, N <1%, R <1%"
14,A,ALA:13:A,-1.388,8,"(-1.598, -1.249, 9, 8)",e,f,360/443,"E 76%, F 19%, A 1%, L 1%, V <1%, P <1%, Q <1%"
15,A,ALA:14:A,1.671,3,"(0.94, 2.036, 4, 2)",e,,360/443,"K 26%, D 18%, R 15%, S 13%, Q 7%, T 6%, E 4%, N 3%, A 2%, L <1%, V <1%, H <1%, P <1%, I <1%"
16,R,ARG:15:A,1.994,2,"(1.197, 2.036, 3, 2)",e,,286/443,"Q 35%, S 22%, D 13%, R 11%, K 6%, E 3%, A 2%, T 2%, G 1%, H <1%, Y <1%"
17,A,ALA:16:A,0.556,4,"(0.129, 0.94, 5, 4)",e,,307/443,"S 30%, F 22%, E 15%, Y 11%, A 9%, K 5%, T 1%, Q <1%, R <1%, N <1%, L <1%, C <1%, D <1%"
18,G,GLY:17:A,1.815,2,"(0.94, 2.036, 4, 2)",e,,307/443,"G 41%, D 14%, E 9%, A 7%, H 7%, N 6%, K 5%, S 1%, V <1%, Q <1%, Y <1%, I <1%, P <1%, F <1%, L <1%, T <1%, R <1%"
19,G,GLY:18:A,-0.046,5,"(-0.472, 0.256, 6, 5)",e,,372/443,"G 47%, A 36%, K 6%, Q 3%, N 1%, H 1%, D 1%, S <1%, V <1%, C <1%"
20,R,ARG:19:A,-0.121,5,"(-0.472, 0.129, 6, 5)",e,,372/443,"R 57%, S 12%, T 7%, V 5%, K 5%, H 3%, Q 2%, A 2%, I 2%, L <1%, N <1%"
21,F,PHE:20:A,-0.145,5,"(-0.556, 0.129, 6, 5)",b,,372/443,"L 38%, V 20%, I 17%, Q 8%, N 5%, S 2%, T 1%, D 1%, E 1%, F <1%, K <1%"
22,A,ALA:21:A,-1.335,8,"(-1.598, -1.172, 9, 8)",b,,372/443,"G 98%, A <1%, E <1%, I <1%, T <1%"
23,V,VAL:22:A,-0.889,7,"(-1.172, -0.717, 8, 7)",b,,372/443,"V 69%, Y 13%, M 4%, I 3%, C 2%, T 2%, G 1%, F 1%, S <1%, A <1%, L <1%"
24,A,ALA:23:A,0.398,4,"(-0.095, 0.73, 5, 4)",b,,372/443,"A 31%, I 21%, Y 20%, F 12%, V 7%, L 2%, T 1%, S 1%, C <1%, G <1%, M <1%"
25,I,ILE:24:A,-0.48,6,"(-0.795, -0.293, 7, 6)",b,,372/443,"V 25%, L 24%, A 21%, E 17%, I 8%, M 1%, T <1%"
26,L,LEU:25:A,0.335,5,"(-0.095, 0.552, 5, 4)",b,,372/443,"L 41%, I 31%, M 11%, P 5%, V 5%, F 2%, W 1%, A <1%, T <1%, Y <1%"
27,D,ASP:26:A,-0.113,5,"(-0.472, 0.129, 6, 5)",b,,370/443,"D 57%, N 11%, A 6%, W 5%, C 5%, K 2%, Y 2%, Q 2%, G 1%, H 1%, S <1%, F <1%, T <1%, R <1%"
28,V,VAL:27:A,-0.436,6,"(-0.717, -0.198, 7, 5)",e,,372/443,"T 53%, L 18%, N 8%, K 5%, D 3%, P 3%, E 2%, Q 1%, S 1%, I 1%, V <1%, A <1%"
29,E,GLU:28:A,1.202,3,"(0.552, 1.534, 4, 3)",e,,372/443,"A 33%, G 25%, N 12%, E 8%, S 5%, Q 4%, K 3%, D 2%, T 1%, L <1%, I <1%, V <1%, Y <1%, R <1%"
30,T,THR:29:A,0.028,5,"(-0.385, 0.256, 6, 5)",e,,372/443,"G 37%, N 33%, T 8%, K 8%, S 5%, E 2%, Q 1%, D 1%, L <1%"
31,G,GLY:30:A,1.815,2,"(0.94, 2.036, 4, 2)",e,,98/443,"S 29%, Q 28%, E 12%, K 7%, N 5%, T 3%, F 3%, L 2%, I 2%, V 2%, A 2%, G 1%, P 1%, D 1%"
32,S,SER:31:A,2.34,2,"(1.197, 3.297, 3, 1)",e,,97/443,"G 22%, C 19%, T 16%, L 6%, K 6%, Y 6%, S 5%, I 5%, F 4%, P 3%, M 2%, W 1%, E 1%, N 1%"
33,R,ARG:32:A,1.476,3,"(0.94, 2.036, 4, 2)",e,,368/443,"A 20%, K 19%, R 12%, T 12%, S 10%, F 7%, Y 5%, I 3%, L 2%, N 1%, E 1%, D <1%, Q <1%, M <1%, V <1%, W <1%"
34,G,GLY:33:A,1.688,3,"(0.94, 2.036, 4, 2)",e,,376/443,"L 40%, S 21%, A 11%, G 8%, E 6%, K 5%, T 1%, D 1%, Q <1%, R <1%, N <1%, P <1%, V <1%"
35,G,GLY:34:A,0.905,4,"(0.395, 1.197, 4, 3)",e,,376/443,"Y 45%, F 16%, A 9%, H 6%, K 6%, W 4%, E 2%, S 1%, G 1%, V 1%, L 1%, D <1%, P <1%, N <1%, T <1%, Q <1%, I <1%"
36,Y,TYR:35:A,-1.412,9,"(-1.714, -1.328, 9, 8)",e,f,377/443,"R 88%, N 7%, L 1%, D 1%, K <1%, A <1%, Y <1%, H <1%, S <1%, P <1%"
37,E,GLU:36:A,0.625,4,"(0.129, 0.94, 5, 4)",e,,383/443,"A 48%, P 17%, G 15%, S 5%, M 4%, I 2%, E 2%, C 1%, N <1%, Q <1%, L <1%, K <1%"
38,D,ASP:37:A,0.043,5,"(-0.293, 0.256, 6, 5)",e,,376/443,"D 46%, E 21%, N 14%, S 7%, A 3%, K 3%, Q <1%, F <1%, G <1%, H <1%"
39,E,GLU:38:A,-0.625,7,"(-0.87, -0.472, 7, 6)",e,,376/443,"E 67%, Q 11%, K 11%, T 5%, R <1%, D <1%, H <1%, I <1%, S <1%, Y <1%, M <1%, P <1%, L <1%"
40,R,ARG:39:A,-1.298,8,"(-1.5, -1.172, 9, 8)",e,f,376/443,"R 78%, E 10%, A 6%, H 1%, Q 1%, K <1%, P <1%, S <1%, M <1%, L <1%"
41,F,PHE:40:A,-0.956,7,"(-1.249, -0.795, 8, 7)",b,,391/443,"F 80%, Y 11%, M 3%, R 1%, Q 1%, L <1%, V <1%, A <1%, I <1%"
42,H,HIS:41:A,-0.033,5,"(-0.385, 0.256, 6, 5)",e,,391/443,"P 47%, A 25%, L 11%, V 4%, S 3%, F 1%, T 1%, K 1%, H 1%, I <1%, Y <1%, R <1%"
43,M,MET:42:A,-0.745,7,"(-1.021, -0.556, 8, 6)",e,,391/443,"M 46%, P 22%, L 12%, F 10%, Y 4%, Q 1%, K <1%, A <1%, V <1%, N <1%, I <1%"
44,A,ALA:43:A,-0.152,5,"(-0.472, 0.129, 6, 5)",b,,391/443,"C 44%, A 27%, M 16%, Q 2%, L 2%, I 2%, V 1%, T 1%, D <1%, G <1%, Y <1%, F <1%"
45,S,SER:44:A,-1.273,8,"(-1.5, -1.172, 9, 8)",b,,388/443,"S 91%, G 3%, A 3%, R 1%, L <1%, C <1%, X <1%"
46,T,THR:45:A,-1.438,9,"(-1.714, -1.328, 9, 8)",e,f,390/443,"T 84%, S 10%, V 2%, K 1%, F <1%, C <1%"
47,I,ILE:46:A,-0.784,7,"(-1.095, -0.637, 8, 7)",b,,391/443,"F 66%, S 24%, I 3%, L 2%, Y 2%, V <1%, G <1%, H <1%, C <1%, A <1%"
48,K,LYS:47:A,-1.326,8,"(-1.598, -1.172, 9, 8)",e,f,390/443,"K 91%, L 3%, A 1%, D 1%, S <1%, F <1%, C <1%, H <1%, V <1%, M <1%, X <1%"
49,T,THR:48:A,-0.323,6,"(-0.637, -0.095, 7, 5)",b,,390/443,"V 42%, I 16%, A 16%, G 8%, M 5%, F 4%, T 3%, L 1%, S <1%, P <1%"
50,F,PHE:49:A,0.456,4,"(0.012, 0.73, 5, 4)",b,,391/443,"L 26%, M 24%, P 21%, F 10%, V 6%, I 4%, A 2%, H 1%, Y 1%, G 1%"
51,V,VAL:50:A,-0.616,7,"(-0.87, -0.385, 7, 6)",b,,391/443,"L 44%, A 24%, N 20%, T 3%, S 2%, I 1%, V <1%, H <1%, M <1%, P <1%"
52,A,ALA:51:A,-0.355,6,"(-0.637, -0.198, 7, 5)",b,,395/443,"A 51%, C 17%, S 13%, V 10%, T 3%, G 1%, L <1%, M <1%, F <1%"
53,A,ALA:52:A,-0.385,6,"(-0.717, -0.198, 7, 5)",b,,404/443,"A 47%, G 21%, L 18%, I 5%, H 1%, Y 1%, F <1%, P <1%, V <1%, M <1%, Q <1%, C <1%, S <1%, E <1%"
54,A,ALA:53:A,-0.691,7,"(-0.946, -0.556, 7, 6)",b,,405/443,"A 58%, I 21%, S 5%, V 4%, L 4%, M 1%, K <1%, T <1%, F <1%, G <1%, P <1%, R <1%, Q <1%"
55,V,VAL:54:A,-0.078,5,"(-0.472, 0.129, 6, 5)",b,,407/443,"V 62%, G 16%, A 8%, L 7%, I 1%, M <1%, S <1%, E <1%, K <1%, F <1%, N <1%, T <1%"
56,L,LEU:55:A,-0.599,6,"(-0.87, -0.385, 7, 6)",b,,409/443,"L 86%, F 3%, D 1%, E 1%, Q 1%, Y 1%, S <1%, A <1%, C <1%, P <1%, H <1%, G <1%, T <1%, N <1%"
57,A,ALA:56:A,0.246,5,"(-0.095, 0.552, 5, 4)",e,,409/443,"K 21%, E 18%, A 15%, S 15%, D 9%, H 6%, Q 5%, P 2%, M 1%, G <1%, R <1%, T <1%, Y <1%, N <1%"
58,E,GLU:57:A,0.969,4,"(0.395, 1.197, 4, 3)",e,,424/443,"Q 29%, R 28%, K 7%, S 5%, L 5%, T 5%, N 4%, A 4%, G 2%, P 1%, H 1%, M 1%, V 1%, D 1%, E <1%, F <1%, Y <1%"
59,V,VAL:58:A,0.528,4,"(0.129, 0.73, 5, 4)",e,,428/443,"S 29%, G 21%, V 19%, N 7%, I 6%, K 4%, H 3%, A 2%, Q 1%, L 1%, E <1%, D <1%, M <1%, R <1%, T <1%"
60,D,ASP:59:A,-0.41,6,"(-0.717, -0.198, 7, 5)",e,,429/443,"E 29%, D 24%, V 12%, Q 8%, P 7%, A 5%, K 4%, S 4%, I 1%, R <1%, F <1%, M <1%, L <1%, T <1%"
61,A,ALA:60:A,1.334,3,"(0.73, 1.534, 4, 3)",e,,415/443,"A 23%, I 17%, T 13%, S 10%, Q 10%, V 7%, L 7%, Y 2%, G 1%, K 1%, D 1%, R <1%, H <1%, M <1%, P <1%"
62,G,GLY:61:A,0.365,4,"(-0.095, 0.73, 5, 4)",e,,145/443,"K 31%, R 22%, T 11%, E 8%, G 5%, N 5%, D 4%, L 2%, P 2%, S 2%, V 1%, A 1%, H <1%, Q <1%"
63,K,LYS:62:A,0.167,5,"(-0.293, 0.395, 6, 4)",e,,169/443,"R 26%, G 26%, K 24%, Q 8%, N 2%, Y 2%, H 1%, S 1%, A 1%, D 1%, P 1%, E <1%"
64,L,LEU:63:A,0.952,4,"(0.395, 1.197, 4, 3)",e,,443/443,"E 26%, G 14%, R 11%, Q 11%, I 6%, N 6%, T 5%, L 4%, Y 3%, H 2%, F 2%, A 2%, S <1%, K <1%, V <1%, D <1%"
65,N,ASN:64:A,0.678,4,"(0.256, 0.94, 5, 4)",e,,443/443,"L 27%, Q 26%, T 5%, E 5%, K 5%, R 5%, D 5%, H 4%, G 4%, S 2%, N 2%, A 1%, I 1%, V <1%, F <1%, Y <1%"
66,L,LEU:65:A,-1.06,8,"(-1.328, -0.946, 8, 7)",b,,443/443,"L 66%, A 17%, I 8%, G 2%, W 1%, V 1%, P <1%, M <1%, K <1%, R <1%"
67,D,ASP:66:A,0.196,5,"(-0.198, 0.395, 5, 4)",e,,443/443,"N 26%, D 18%, G 12%, M 11%, A 11%, E 5%, I 4%, Q 2%, F 2%, L <1%, W <1%, Y <1%, S <1%, T <1%, K <1%"
68,E,GLU:67:A,0.076,5,"(-0.293, 0.256, 6, 5)",e,,443/443,"Q 29%, R 24%, K 18%, P 6%, D 6%, T 5%, E 2%, A 2%, G 1%, S 1%, N <1%"
69,K,LYS:68:A,0.451,4,"(0.012, 0.73, 5, 4)",e,,443/443,"R 27%, P 16%, K 11%, N 8%, L 8%, V 6%, Y 5%, G 5%, H 2%, E 1%, D 1%, A 1%, T 1%, F <1%, S <1%, I <1%, Q <1%"
70,I,ILE:69:A,-0.607,7,"(-0.87, -0.472, 7, 6)",b,,443/443,"V 51%, I 37%, L 5%, T 3%, A <1%, M <1%, D <1%, Q <1%"
71,Y,TYR:70:A,0.977,4,"(0.552, 1.197, 4, 3)",e,,443/443,"H 19%, W 17%, E 17%, P 16%, T 11%, R 7%, S 2%, Y 2%, F 1%, N <1%, K <1%, L <1%, A <1%, V <1%, Q <1%, I <1%"
72,Y,TYR:71:A,-0.755,7,"(-1.021, -0.556, 8, 6)",e,,443/443,"Y 45%, I 22%, V 18%, Q 7%, S 3%, L <1%, F <1%, M <1%, A <1%, W <1%"
73,T,THR:72:A,0.079,5,"(-0.293, 0.256, 6, 5)",e,,443/443,"K 19%, S 13%, Y 13%, H 11%, G 10%, T 9%, F 4%, R 4%, N 3%, V 2%, I 2%, D 2%, A 2%, E <1%"
74,E,GLU:73:A,0.614,4,"(0.129, 0.94, 5, 4)",e,,357/443,"K 26%, Q 21%, P 15%, R 13%, E 8%, S 7%, D 1%, N 1%, A 1%, T 1%, H <1%, Y <1%"
75,D,ASP:74:A,0.693,4,"(0.256, 0.94, 5, 4)",e,,357/443,"N 20%, A 19%, D 17%, S 10%, V 7%, G 6%, L 4%, Q 4%, R 4%, E 2%, K <1%, T <1%"
76,D,ASP:75:A,-0.205,6,"(-0.556, 0.012, 6, 5)",e,,357/443,"D 64%, L 12%, A 10%, M 2%, H 2%, V 1%, N 1%, E 1%, Y <1%, F <1%, Q <1%, I <1%, S <1%, T <1%, K <1%"
77,I,ILE:76:A,-0.451,6,"(-0.795, -0.198, 7, 5)",b,,357/443,"L 69%, I 16%, V 11%, M 1%, F <1%, K <1%"
78,I,ILE:77:A,-0.477,6,"(-0.795, -0.293, 7, 6)",b,,356/443,"V 73%, L 9%, I 6%, R 5%, E 2%, T <1%, Q <1%, P <1%, A <1%, K <1%, G <1%"
79,D,ASP:78:A,-0.572,6,"(-0.946, -0.293, 7, 6)",e,,82/443,"D 59%, I 10%, L 10%, P 6%, S 3%, Q 3%, V 2%, M 1%, K 1%"
80,G,GLY:79:A,-1.073,8,"(-1.411, -0.87, 9, 7)",e,f,83/443,"T 57%, D 21%, N 12%, G 2%, S 2%, V 1%, F 1%, L 1%"
81,S,SER:80:A,1.836,2,"(0.94, 2.036, 4, 2)",e,,357/443,"N 26%, A 18%, E 16%, P 9%, S 8%, D 6%, T 4%, G 3%, R 2%, K 1%, V <1%, Y <1%, F <1%, Q <1%"
82,R,ARG:81:A,0.787,4,"(0.256, 1.197, 5, 3)",e,,357/443,"Y 54%, W 26%, I 5%, G 5%, H 3%, F 1%, A 1%, N <1%, T <1%, D <1%, R <1%"
83,D,ASP:82:A,-0.72,7,"(-1.021, -0.556, 8, 6)",e,,357/443,"S 51%, N 24%, T 9%, G 4%, A 3%, M 2%, L 1%, D <1%, E <1%, V <1%"
84,E,GLU:83:A,-0.805,7,"(-1.095, -0.637, 8, 7)",e,,357/443,"P 82%, D 8%, A 5%, E 1%, N <1%, G <1%, L <1%"
85,I,ILE:84:A,-0.341,6,"(-0.637, -0.095, 7, 5)",e,,357/443,"I 41%, V 32%, D 7%, A 5%, K 5%, Q 3%, L 1%, E 1%, M <1%, G <1%, R <1%"
86,V,VAL:85:A,-0.552,6,"(-0.87, -0.385, 7, 6)",b,,356/443,"T 33%, A 28%, S 13%, Q 7%, N 5%, M 3%, L 3%, G 1%, R 1%, D <1%, K <1%, I <1%, V <1%"
87,K,LYS:86:A,-0.649,7,"(-0.946, -0.472, 7, 6)",e,,357/443,"E 67%, T 15%, Q 5%, A 4%, K 2%, D 1%, R <1%, V <1%, G <1%, P <1%, H <1%, S <1%"
88,K,LYS:87:A,-0.077,5,"(-0.472, 0.129, 6, 5)",e,,357/443,"K 65%, A 11%, Q 7%, R 5%, P 2%, V 1%, S 1%, E 1%, G 1%, D <1%, T <1%, L <1%"
89,K,LYS:88:A,0.114,5,"(-0.293, 0.395, 6, 4)",e,,357/443,"H 60%, Y 13%, Q 10%, A 4%, F 3%, N 1%, K 1%, L 1%, M <1%, T <1%, R <1%, V <1%, I <1%"
90,L,LEU:89:A,-0.298,6,"(-0.637, -0.095, 7, 5)",b,,357/443,"V 44%, L 38%, I 11%, A 1%, Q 1%, P 1%, K <1%, D <1%"
91,K,LYS:90:A,1.48,3,"(0.73, 2.036, 4, 2)",e,,357/443,"T 22%, N 21%, L 15%, G 12%, A 9%, D 6%, Q 5%, K 1%, R 1%, V <1%, E <1%, M <1%, S <1%, I <1%"
92,E,GLU:91:A,1.189,3,"(0.552, 1.534, 4, 3)",e,,347/443,"G 26%, D 25%, T 21%, A 8%, N 8%, K 4%, R 1%, E <1%, S <1%, C <1%, L <1%, Q <1%"
93,G,GLY:92:A,-0.241,6,"(-0.637, 0.012, 7, 5)",e,,357/443,"G 45%, T 22%, W 9%, E 6%, N 5%, D 4%, H 3%, S 1%, A <1%, Y <1%"
94,I,ILE:93:A,-1.28,8,"(-1.5, -1.172, 9, 8)",b,,356/443,"M 75%, I 19%, F 1%, V 1%, L 1%, A <1%, T <1%"
95,T,THR:94:A,-0.73,7,"(-1.021, -0.556, 8, 6)",e,,357/443,"T 71%, E 7%, S 6%, Q 5%, A 4%, R 1%, K 1%, L <1%, V <1%, P <1%"
96,L,LEU:95:A,-0.382,6,"(-0.717, -0.198, 7, 5)",b,,354/443,"V 38%, L 37%, I 20%, R 2%, M <1%, F <1%, Y <1%"
97,G,GLY:96:A,0.727,4,"(0.256, 0.94, 5, 4)",e,,357/443,"A 36%, G 25%, R 13%, K 7%, N 7%, L 2%, E 1%, S 1%, D 1%, Q <1%, T <1%, V <1%"
98,E,GLU:97:A,-0.712,7,"(-1.021, -0.556, 8, 6)",e,,357/443,"E 66%, A 10%, Q 6%, T 4%, R 4%, K 2%, D 2%, V <1%, H <1%, F <1%, M <1%"
99,L,LEU:98:A,-0.399,6,"(-0.717, -0.198, 7, 5)",b,,357/443,"L 82%, A 5%, R 4%, I 3%, Y 1%, V <1%, G <1%, M <1%"
100,I,ILE:99:A,-0.45,6,"(-0.795, -0.198, 7, 5)",b,,357/443,"C 32%, S 30%, A 19%, I 9%, G 3%, L 3%, N <1%, E <1%, V <1%"
101,E,GLU:100:A,-0.432,6,"(-0.717, -0.198, 7, 5)",e,,357/443,"A 40%, S 14%, V 11%, D 9%, E 8%, Q 4%, L 4%, I 3%, K 1%, R <1%, F <1%, Y <1%"
102,Y,TYR:101:A,-1.128,8,"(-1.411, -0.946, 9, 7)",b,,357/443,"A 77%, V 7%, S 6%, L 3%, N 2%, Y 1%, I <1%, T <1%, H <1%"
103,A,ALA:102:A,-1.039,8,"(-1.249, -0.87, 8, 7)",b,,356/443,"A 62%, T 23%, S 14%, V <1%"
104,V,VAL:103:A,-0.712,7,"(-1.021, -0.556, 8, 6)",b,,357/443,"L 31%, I 29%, H 19%, V 13%, M 4%, G <1%, Q <1%, A <1%"
105,Q,GLN:104:A,-0.843,7,"(-1.095, -0.637, 8, 7)",e,,357/443,"Q 38%, T 25%, A 12%, R 11%, F 6%, S 3%, I 1%, L <1%, E <1%, Y <1%, V <1%, G <1%"
106,Y,TYR:105:A,-0.392,6,"(-0.717, -0.198, 7, 5)",b,,357/443,"Y 50%, H 21%, M 19%, L 4%, R 1%, T 1%, F <1%, A <1%, E <1%, I <1%, Q <1%, K <1%, S <1%"
107,S,SER:106:A,-1.255,8,"(-1.5, -1.095, 9, 8)",b,,357/443,"S 79%, Q 7%, D 4%, A 2%, L 1%, F <1%, E <1%, G <1%, I <1%, T <1%, V <1%, Y <1%"
108,E,GLU:107:A,-1.813,9,"(-2.129, -1.714, 9, 9)",e,f,357/443,"D 98%, E <1%, A <1%, C <1%, N <1%"
109,N,ASN:108:A,-1.48,9,"(-1.714, -1.411, 9, 9)",e,f,357/443,"N 74%, K 7%, G 5%, H 5%, R 5%, S 1%, Q <1%, A <1%"
110,T,THR:109:A,-0.921,7,"(-1.172, -0.795, 8, 7)",e,,357/443,"T 54%, A 15%, V 10%, M 7%, G 5%, S 4%, N 1%, P <1%, L <1%, C <1%"
111,A,ALA:110:A,-1.599,9,"(-1.889, -1.5, 9, 9)",b,s,357/443,"A 79%, G 20%, T <1%"
112,Y,TYR:111:A,-0.95,7,"(-1.249, -0.795, 8, 7)",b,,357/443,"A 42%, M 22%, G 18%, T 3%, Q 3%, N 3%, P 2%, C 2%, S <1%, Y <1%"
113,N,ASN:112:A,-1.366,8,"(-1.598, -1.249, 9, 8)",e,f,357/443,"N 78%, M 8%, V 7%, I 2%, D 2%, S <1%, L <1%, F <1%"
114,L,LEU:113:A,-1.035,8,"(-1.249, -0.87, 8, 7)",e,f,443/443,"L 40%, K 22%, Q 16%, D 9%, A 4%, I 2%, E 2%, M <1%, R <1%, S <1%"
115,L,LEU:114:A,-0.259,6,"(-0.556, -0.095, 6, 5)",b,,443/443,"L 57%, E 12%, A 7%, I 7%, V 4%, Q 4%, K 1%, R 1%, D <1%, W <1%, M <1%, Y <1%, S <1%"
116,L,LEU:115:A,-0.175,5,"(-0.472, 0.012, 6, 5)",b,,443/443,"L 60%, I 27%, F 8%, M 1%, V 1%, Y <1%, G <1%"
117,K,LYS:116:A,-0.191,5,"(-0.472, 0.012, 6, 5)",e,,397/443,"A 47%, T 14%, K 13%, R 8%, H 7%, N 2%, I 1%, Q 1%, E 1%, S <1%, D <1%, G <1%, L <1%, P <1%"
118,V,VAL:117:A,0.871,4,"(0.395, 1.197, 4, 3)",e,,443/443,"R 19%, Q 15%, T 15%, E 12%, A 12%, H 7%, D 5%, L 3%, K 2%, S 1%, Y 1%, F <1%, V <1%, N <1%, G <1%"
119,L,LEU:118:A,0.289,5,"(-0.095, 0.552, 5, 4)",e,,443/443,"L 30%, I 23%, A 10%, V 10%, R 8%, Q 5%, E 5%, K 2%, W 1%, D <1%, M <1%, H <1%, F <1%"
120,G,GLY:119:A,-1.039,8,"(-1.328, -0.87, 8, 7)",e,f,443/443,"G 74%, I 10%, V 5%, T 5%, S 2%, L 1%, N <1%, K <1%, D <1%"
121,G,GLY:120:A,-1.132,8,"(-1.411, -0.946, 9, 7)",e,f,443/443,"G 85%, I 6%, V 3%, D 1%, K <1%, T <1%, A <1%, N <1%, H <1%, L <1%"
122,P,PRO:121:A,-0.829,7,"(-1.095, -0.637, 8, 7)",e,,442/443,"P 61%, A 16%, E 10%, L 5%, I 2%, T <1%, K <1%, D <1%, Q <1%, M <1%, S <1%, H <1%"
123,E,GLU:122:A,0.34,5,"(-0.095, 0.552, 5, 4)",e,,443/443,"A 24%, K 19%, G 16%, T 11%, E 9%, D 5%, V 4%, Q 2%, P 1%, N 1%, R <1%, H <1%, S <1%, I <1%, L <1%"
124,A,ALA:123:A,0.515,4,"(0.129, 0.73, 5, 4)",e,,443/443,"G 29%, R 11%, E 11%, Y 11%, A 8%, K 8%, S 7%, L 5%, V 4%, N <1%, W <1%, I <1%, T <1%, M <1%, Q <1%"
125,V,VAL:124:A,-0.494,6,"(-0.795, -0.293, 7, 6)",b,,443/443,"V 28%, L 28%, M 20%, A 11%, F 6%, T 1%, I 1%, Y 1%, S <1%, G <1%"
126,T,THR:125:A,-1.063,8,"(-1.249, -0.946, 8, 7)",e,f,443/443,"T 54%, S 11%, Q 10%, K 7%, N 6%, A 4%, E 1%, H 1%, V <1%, R <1%"
127,A,ALA:126:A,0.97,4,"(0.552, 1.197, 4, 3)",e,,443/443,"A 50%, K 18%, Q 6%, G 5%, N 4%, P 4%, S 2%, D 2%, R 1%, E 1%, T <1%, H <1%, M <1%, L <1%"
128,W,TRP:127:A,-0.128,5,"(-0.472, 0.129, 6, 5)",b,,443/443,"F 46%, Y 16%, L 8%, E 7%, M 4%, A 3%, S 2%, R 2%, W 1%, I 1%, H <1%, D <1%, P <1%, K <1%, G <1%, V <1%"
129,L,LEU:128:A,-0.84,7,"(-1.095, -0.717, 8, 7)",b,,443/443,"L 43%, A 22%, M 7%, S 6%, V 6%, T 5%, F 2%, E 2%, I 2%, K <1%, R <1%, P <1%"
130,K,LYS:129:A,-0.455,6,"(-0.717, -0.293, 7, 6)",e,,443/443,"R 51%, H 16%, K 14%, N 8%, D 3%, S 2%, Q 1%, A <1%, T <1%, V <1%, E <1%, L <1%"
131,S,SER:130:A,-0.162,5,"(-0.472, 0.012, 6, 5)",e,,443/443,"S 23%, A 20%, Q 16%, K 11%, N 10%, R 8%, E 3%, D 2%, T 1%, V <1%, G <1%, H <1%, I <1%"
132,L,LEU:131:A,-0.507,6,"(-0.795, -0.293, 7, 6)",b,,443/443,"I 37%, L 31%, M 11%, F 10%, V 6%, E <1%, S <1%, D <1%, A <1%, P <1%"
133,G,GLY:132:A,-0.376,6,"(-0.717, -0.198, 7, 5)",e,,443/443,"G 67%, A 9%, D 6%, S 5%, L 3%, N 2%, K 2%, Q <1%, V <1%, R <1%, T <1%, H <1%"
134,D,ASP:133:A,-1.146,8,"(-1.411, -1.021, 9, 8)",e,f,443/443,"D 62%, Y 15%, P 6%, F 3%, E 3%, L 3%, M 1%, V 1%, I <1%, K <1%, R <1%, A <1%"
135,D,ASP:134:A,1.021,4,"(0.552, 1.197, 4, 3)",e,,443/443,"E 22%, G 19%, T 12%, H 10%, A 7%, K 6%, N 6%, Q 6%, S 2%, V 1%, R 1%, D 1%, L <1%, P <1%"
136,V,VAL:135:A,-0.678,7,"(-0.946, -0.556, 7, 6)",e,,443/443,"V 32%, T 26%, N 20%, E 11%, R 3%, D 1%, A 1%, K 1%, S 1%, M <1%, G <1%, I <1%, W <1%"
137,T,THR:136:A,-0.664,7,"(-0.946, -0.472, 7, 6)",e,,443/443,"T 28%, F 27%, G 15%, S 8%, E 5%, Q 5%, A 3%, C 1%, M 1%, I <1%, N <1%, K <1%, L <1%, Y <1%, R <1%"
138,K,LYS:137:A,0.001,5,"(-0.385, 0.256, 6, 5)",e,,427/443,"R 57%, N 16%, D 10%, M 5%, K 2%, E 2%, L 1%, Q <1%, A <1%, S <1%, T <1%, V <1%, I <1%, Y <1%"
139,L,LEU:138:A,-0.605,7,"(-0.87, -0.385, 7, 6)",e,,427/443,"L 56%, I 18%, V 8%, P 7%, E 3%, S 1%, A <1%, K <1%, F <1%, M <1%, Y <1%"
140,T,THR:139:A,-0.831,7,"(-1.095, -0.637, 8, 7)",e,,443/443,"D 56%, S 14%, G 9%, A 6%, V 5%, E 2%, I 2%, K 1%, T <1%, P <1%, Q <1%"
141,K,LYS:140:A,-0.69,7,"(-0.946, -0.556, 7, 6)",e,,441/443,"R 57%, A 13%, G 11%, P 4%, T 4%, S 3%, K 1%, N 1%, Q 1%, E <1%, H <1%, D <1%"
142,Y,TYR:141:A,1.549,3,"(0.94, 2.036, 4, 2)",e,,443/443,"W 24%, T 21%, Q 10%, N 7%, G 6%, E 6%, Y 4%, K 4%, F 3%, I 2%, D 2%, R 1%, H 1%, S 1%, L 1%, A 1%"
143,N,ASN:142:A,-0.301,6,"(-0.556, -0.095, 6, 5)",e,,439/443,"E 55%, H 10%, V 9%, I 6%, A 5%, D 4%, L 3%, N 1%, Q 1%, Y <1%, K <1%, C <1%, S <1%"
144,P,PRO:143:A,0.051,5,"(-0.293, 0.256, 6, 5)",e,,440/443,"P 44%, D 16%, S 11%, L 9%, T 8%, I 2%, N 1%, A 1%, F 1%, G 1%, E <1%, V <1%, Y <1%, K <1%, M <1%"
145,E,GLU:144:A,-0.175,5,"(-0.472, 0.012, 6, 5)",e,,439/443,"E 42%, T 17%, L 10%, S 5%, K 4%, N 4%, H 3%, Q 3%, D 2%, A 1%, G 1%, R <1%, I <1%, M <1%, V <1%"
146,Y,TYR:145:A,-0.639,7,"(-0.946, -0.472, 7, 6)",b,,422/443,"L 63%, F 20%, T 6%, M 4%, Y 1%, S 1%, A 1%, G <1%, E <1%, V <1%, I <1%"
147,K,LYS:146:A,-0.773,7,"(-1.021, -0.637, 8, 7)",e,,423/443,"N 61%, W 19%, F 6%, G 4%, H 2%, A 1%, S 1%, Q <1%, K <1%, M <1%, D <1%, R <1%, E <1%"
148,A,ALA:147:A,0.028,5,"(-0.293, 0.256, 6, 5)",e,,421/443,"T 23%, E 22%, L 19%, S 9%, A 8%, D 5%, R 4%, Y 3%, I <1%, N <1%, K <1%, G <1%, P <1%, V <1%"
149,A,ALA:148:A,-0.381,6,"(-0.717, -0.198, 7, 5)",e,,422/443,"A 57%, D 11%, V 7%, E 7%, G 4%, Y 3%, N 3%, K 1%, S <1%, Q <1%, L <1%, F <1%, T <1%, W <1%"
150,V,VAL:149:A,0.837,4,"(0.256, 1.197, 5, 3)",b,,374/443,"I 46%, G 17%, S 8%, L 6%, P 5%, N 4%, T 3%, A 2%, K 1%, D 1%, W 1%, V <1%, R <1%, E <1%, Q <1%"
151,P,PRO:150:A,-1.007,7,"(-1.249, -0.87, 8, 7)",e,,372/443,"P 78%, G 5%, Q 5%, S 5%, L 1%, K <1%, N <1%, A <1%, H <1%, D <1%"
152,G,GLY:151:A,-0.7,7,"(-1.021, -0.472, 8, 6)",e,,372/443,"G 57%, L 17%, N 12%, I 5%, K 3%, V 1%, H <1%, D <1%, R <1%"
153,D,ASP:152:A,-1.0,7,"(-1.328, -0.795, 8, 7)",e,,286/443,"D 86%, E 5%, S 4%, Q 2%, G <1%, R <1%, T <1%"
154,P,PRO:153:A,2.645,1,"(1.534, 3.297, 3, 1)",e,,286/443,"P 32%, E 29%, A 14%, L 6%, K 5%, T 4%, Y 2%, D 2%, I 1%, V <1%, M <1%, N <1%"
155,E,GLU:154:A,-0.636,7,"(-1.021, -0.385, 8, 6)",e,,283/443,"R 85%, Q 5%, K 4%, T 1%, L 1%, E <1%, H <1%, G <1%, I <1%"
156,N,ASN:155:A,-1.379,8,"(-1.714, -1.249, 9, 8)",e,f,283/443,"D 94%, N 4%, Y <1%"
157,T,THR:156:A,-1.273,8,"(-1.5, -1.172, 9, 8)",e,f,369/443,"T 75%, R 11%, K 7%, Q 2%, W 2%, A <1%, S <1%"
158,S,SER:157:A,-1.383,8,"(-1.598, -1.249, 9, 8)",e,f,372/443,"T 56%, I 21%, S 19%, V 1%, G <1%, A <1%"
159,T,THR:158:A,-1.08,8,"(-1.328, -0.946, 8, 7)",e,f,389/443,"T 57%, S 30%, M 7%, I 2%, L 1%, N <1%, P <1%, E <1%, A <1%"
160,A,ALA:159:A,-0.922,7,"(-1.172, -0.717, 8, 7)",e,,393/443,"P 79%, A 15%, T 2%, M 1%, Y <1%, N <1%, K <1%, S <1%"
161,G,GLY:160:A,2.099,2,"(1.197, 2.036, 3, 2)",e,,393/443,"R 27%, A 20%, V 11%, K 6%, T 5%, L 5%, H 5%, I 4%, F 2%, Y 2%, Q 2%, D 1%, E 1%, M <1%, N <1%, G <1%"
162,A,ALA:161:A,-1.206,8,"(-1.411, -1.095, 9, 8)",b,,393/443,"A 66%, E 10%, Q 6%, N 4%, S 4%, P 4%, T <1%, L <1%, D <1%, G <1%"
163,A,ALA:162:A,-0.832,7,"(-1.095, -0.637, 8, 7)",b,,393/443,"M 46%, Q 16%, V 8%, I 7%, E 6%, L 4%, P 4%, F 3%, A 1%, T 1%, G <1%, Y <1%"
164,A,ALA:163:A,-0.602,6,"(-0.87, -0.385, 7, 6)",b,,393/443,"A 61%, V 18%, I 7%, T 6%, G 3%, L 1%, S <1%, K <1%, E <1%"
165,R,ARG:164:A,1.158,3,"(0.552, 1.534, 4, 3)",e,,393/443,"Q 24%, T 18%, E 14%, A 12%, S 6%, K 6%, L 6%, N 4%, R 4%, G 1%, D <1%, V <1%"
166,L,LEU:165:A,-0.359,6,"(-0.637, -0.198, 7, 5)",b,,393/443,"T 48%, F 20%, S 15%, V 7%, A 2%, L 1%, D 1%, N 1%, G <1%, K <1%, I <1%"
167,L,LEU:166:A,-0.492,6,"(-0.795, -0.293, 7, 6)",b,,393/443,"L 78%, V 7%, D 4%, A 4%, M 3%, I 1%, Y <1%, G <1%"
168,E,GLU:167:A,0.657,4,"(0.256, 0.94, 5, 4)",e,,393/443,"R 52%, Q 17%, K 6%, E 6%, N 4%, A 4%, D 2%, S 2%, Y 1%, M 1%, G <1%, H <1%, I <1%, V <1%"
169,K,LYS:168:A,0.2,5,"(-0.198, 0.395, 5, 4)",e,,393/443,"K 47%, Q 18%, N 7%, A 6%, S 4%, R 3%, D 3%, T 2%, I 2%, L 1%, V 1%, E 1%, H <1%, G <1%"
170,L,LEU:169:A,-0.609,7,"(-0.946, -0.385, 7, 6)",b,,393/443,"L 81%, F 6%, V 5%, I 3%, A 1%, Y 1%, M <1%"
171,T,THR:170:A,0.844,4,"(0.395, 1.197, 4, 3)",e,,393/443,"T 28%, L 25%, Y 12%, A 11%, V 7%, I 4%, M 2%, F 2%, H 1%, Q 1%, E <1%, S <1%, R <1%, K <1%, D <1%, N <1%"
172,H,HIS:171:A,0.384,4,"(0.012, 0.73, 5, 4)",e,,393/443,"L 46%, T 17%, H 9%, D 5%, A 3%, F 2%, Y 2%, E 2%, N 2%, K 2%, V 1%, Q 1%, R <1%, S <1%, G <1%"
173,G,GLY:172:A,-0.027,5,"(-0.385, 0.256, 6, 5)",e,,393/443,"G 66%, N 17%, E 4%, S 4%, K 2%, D 1%, T 1%, H <1%, R <1%, Q <1%, A <1%"
174,D,ASP:173:A,0.083,5,"(-0.293, 0.256, 6, 5)",e,,393/443,"K 19%, E 18%, D 14%, H 12%, N 9%, Q 7%, S 6%, G 6%, R 2%, T 1%, P <1%"
175,A,ALA:174:A,0.142,5,"(-0.198, 0.395, 5, 4)",e,,393/443,"A 42%, L 12%, P 9%, K 6%, V 6%, H 5%, S 5%, R 4%, Q 2%, I 1%, N 1%, T 1%, M <1%, G <1%, Y <1%"
176,L,LEU:175:A,-1.158,8,"(-1.411, -1.021, 9, 8)",b,,393/443,"L 72%, F 10%, V 9%, A 5%, I 2%, W 1%"
177,S,SER:176:A,-0.142,5,"(-0.472, 0.129, 6, 5)",e,,393/443,"S 28%, G 20%, T 18%, A 10%, P 9%, K 5%, D 2%, H 1%, Q 1%, R <1%, N <1%, E <1%"
178,P,PRO:177:A,2.292,2,"(1.197, 3.297, 3, 1)",e,,393/443,"E 24%, L 16%, A 13%, P 12%, K 12%, S 5%, D 3%, V 3%, Q 1%, T 1%, N 1%, Y 1%, G <1%, R <1%"
179,E,GLU:178:A,1.321,3,"(0.73, 1.534, 4, 3)",e,,393/443,"T 19%, A 18%, E 17%, R 10%, P 8%, D 6%, G 5%, S 4%, K 4%, V 1%, N 1%, Q <1%, H <1%, M <1%, Y <1%"
180,S,SER:179:A,-0.454,6,"(-0.717, -0.293, 7, 6)",e,,396/443,"S 31%, Q 29%, N 9%, K 9%, G 4%, T 3%, V 3%, H 2%, A 1%, E 1%, D 1%, P <1%, I <1%, R <1%, Y <1%"
181,R,ARG:180:A,-0.397,6,"(-0.717, -0.198, 7, 5)",e,,396/443,"R 58%, Q 22%, K 4%, I 4%, T 3%, M 1%, V 1%, Y 1%, L 1%, E <1%, C <1%, N <1%"
182,A,ALA:181:A,1.782,3,"(1.197, 2.036, 3, 2)",e,,396/443,"A 32%, Q 22%, R 10%, E 8%, K 5%, L 4%, D 4%, H 3%, T 2%, N 2%, V 2%, G <1%, S <1%, Y <1%, M <1%"
183,R,ARG:182:A,-0.247,6,"(-0.556, 0.012, 6, 5)",e,,396/443,"Q 51%, I 14%, L 13%, F 6%, E 3%, T 3%, N 2%, K 1%, R <1%, M <1%, V <1%, Y <1%, H <1%, A <1%"
184,L,LEU:183:A,-1.285,8,"(-1.5, -1.172, 9, 8)",b,,396/443,"L 63%, V 18%, F 6%, T 5%, I 2%, A 1%, K <1%, Y <1%, M <1%"
185,L,LEU:184:A,0.332,5,"(-0.095, 0.552, 5, 4)",e,,396/443,"V 28%, K 18%, I 17%, L 8%, T 7%, A 6%, E 3%, R 3%, Q 2%, N 1%, M 1%, W <1%, S <1%"
186,A,ALA:185:A,1.164,3,"(0.552, 1.534, 4, 3)",e,,396/443,"D 38%, T 20%, Q 10%, E 6%, R 5%, K 4%, H 4%, A 3%, N 3%, S 1%, I 1%, G <1%, V <1%, Y <1%"
187,L,LEU:186:A,-0.47,6,"(-0.795, -0.293, 7, 6)",b,,396/443,"W 65%, A 11%, M 6%, L 4%, I 4%, F 3%, T <1%, V <1%, N <1%, H <1%, G <1%, Q <1%, Y <1%"
188,L,LEU:187:A,-0.891,7,"(-1.095, -0.717, 8, 7)",b,,396/443,"M 52%, L 42%, T 2%, F 1%, V <1%, E <1%, H <1%, S <1%"
189,E,GLU:188:A,0.976,4,"(0.395, 1.197, 4, 3)",e,,396/443,"K 33%, L 14%, E 13%, V 11%, I 8%, A 7%, P 4%, R 2%, Y 1%, F 1%, Q 1%, T <1%, S <1%"
190,N,ASN:189:A,0.189,5,"(-0.198, 0.395, 5, 4)",e,,396/443,"G 41%, A 15%, T 10%, R 8%, D 5%, I 5%, N 4%, L 2%, E 2%, V 1%, Q 1%, M <1%, S <1%, Y <1%, K <1%"
191,N,ASN:190:A,-1.539,9,"(-1.714, -1.411, 9, 9)",e,f,396/443,"N 52%, D 18%, E 15%, H 5%, K 2%, T 2%, Q 1%, P <1%, F <1%, C <1%, S <1%"
192,K,LYS:191:A,-0.327,6,"(-0.637, -0.095, 7, 5)",e,,351/443,"T 50%, K 24%, E 7%, R 5%, Q 4%, V 1%, A 1%, L 1%, D <1%, P <1%, S <1%, Y <1%, N <1%"
193,T,THR:192:A,-1.384,8,"(-1.598, -1.249, 9, 8)",e,f,305/443,"T 65%, V 22%, P 6%, S 3%, N <1%, R <1%, E <1%, X <1%"
194,T,THR:193:A,-0.731,7,"(-1.095, -0.472, 8, 6)",e,,286/443,"G 74%, A 23%, S 1%, T 1%, P <1%"
195,K,LYS:194:A,0.915,4,"(0.256, 1.197, 5, 3)",e,,285/443,"A 30%, G 27%, D 23%, N 9%, S 4%, P 2%, K <1%, L <1%, R <1%"
196,G,GLY:195:A,1.657,3,"(0.94, 2.036, 4, 2)",e,,285/443,"A 41%, P 23%, K 13%, H 8%, T 5%, Q 2%, N 2%, D 1%, G <1%, S <1%, E <1%, R <1%"
197,R,ARG:196:A,-0.474,6,"(-0.87, -0.198, 7, 5)",e,,286/443,"L 36%, S 29%, R 27%, T 4%, C 1%, A <1%, I <1%, K <1%"
198,G,GLY:197:A,-0.717,7,"(-1.5, -0.293, 9, 6)",b,,2/443,G
199,L,LEU:198:A,-0.788,7,"(-1.095, -0.556, 8, 6)",b,,286/443,"I 69%, L 28%, M <1%, F <1%, R <1%, V <1%"
200,G,GLY:199:A,-1.195,8,"(-1.5, -1.021, 9, 8)",e,f,286/443,"R 86%, K 6%, Q 5%, G <1%, Y <1%, A <1%"
201,S,SER:200:A,-1.411,9,"(-1.714, -1.249, 9, 8)",b,s,286/443,"A 67%, S 24%, D 4%, G 2%, V <1%, F <1%"
202,G,GLY:201:A,0.244,5,"(-0.293, 0.552, 6, 4)",e,,289/443,"G 58%, A 26%, V 7%, S 2%, L 2%, P 1%, Y <1%, C <1%, M <1%, Q <1%"
203,F,PHE:202:A,-0.004,5,"(-0.385, 0.256, 6, 5)",b,,396/443,"L 45%, V 21%, A 11%, F 8%, G 6%, K 1%, N 1%, S 1%, T <1%, R <1%, D <1%, E <1%, M <1%"
204,P,PRO:203:A,-0.327,6,"(-0.637, -0.095, 7, 5)",e,,396/443,"P 73%, N 10%, A 6%, D 3%, G 2%, S 2%, C <1%, R <1%, I <1%"
205,E,GLU:204:A,0.829,4,"(0.395, 1.197, 4, 3)",e,,408/443,"A 41%, T 16%, K 12%, N 7%, G 5%, P 5%, D 4%, E 4%, S <1%, I <1%, L <1%, R <1%"
206,D,ASP:205:A,0.51,4,"(0.012, 0.73, 5, 4)",e,,440/443,"G 38%, D 25%, S 21%, E 5%, N 3%, A 3%, H 1%, T <1%, R <1%"
207,W,TRP:206:A,-0.408,6,"(-0.717, -0.198, 7, 5)",b,,440/443,"W 71%, Y 15%, L 3%, S 2%, T 2%, N 1%, I 1%, F <1%, D <1%, Q <1%, A <1%, V <1%"
208,R,ARG:207:A,0.885,4,"(0.395, 1.197, 4, 3)",e,,440/443,"V 20%, T 15%, F 15%, K 13%, I 7%, A 6%, R 5%, S 5%, L 5%, E 4%, N 1%, Q <1%"
209,I,ILE:208:A,-0.726,7,"(-1.021, -0.556, 8, 6)",b,,396/443,"V 58%, I 29%, L 4%, W 3%, A 1%, F 1%, T <1%, M <1%"
210,G,GLY:209:A,0.236,5,"(-0.198, 0.552, 5, 4)",e,,399/443,"G 37%, A 29%, Y 7%, R 6%, H 6%, I 5%, T 3%, F 1%, Q <1%, D <1%, N <1%, S <1%, K <1%"
211,S,SER:210:A,-0.888,7,"(-1.172, -0.717, 8, 7)",e,,399/443,"D 68%, A 10%, S 6%, G 6%, E 2%, L 2%, H 2%, Y <1%, V <1%, N <1%"
212,K,LYS:211:A,-1.446,9,"(-1.714, -1.328, 9, 8)",e,f,443/443,"K 83%, E 5%, S 3%, T 2%, R 1%, A <1%, C <1%, F <1%, N <1%"
213,G,GLY:212:A,-1.161,8,"(-1.411, -1.021, 9, 8)",e,f,443/443,"T 63%, S 23%, P 6%, D 2%, R 2%, E <1%, G <1%, Q <1%, A <1%, K <1%"
214,G,GLY:213:A,-1.299,8,"(-1.598, -1.172, 9, 8)",e,f,443/443,"G 90%, A 6%, N 1%, D <1%, E <1%, H <1%, Q <1%"
215,S,SER:214:A,0.142,5,"(-0.198, 0.395, 5, 4)",e,,439/443,"T 28%, A 22%, S 20%, W 6%, Y 5%, D 4%, F 3%, G 2%, Q 2%, V <1%, K <1%, M <1%, P <1%"
216,A,ALA:215:A,0.878,4,"(0.395, 1.197, 4, 3)",e,,334/443,"G 37%, A 20%, S 16%, C 14%, K 3%, V 2%, N 1%, R 1%, E 1%, D <1%, H <1%, L <1%"
217,P,PRO:216:A,1.074,4,"(0.395, 1.534, 4, 3)",e,,230/443,"G 67%, A 5%, F 5%, I 4%, P 4%, C 3%, D 2%, Y 2%, T 1%, Q 1%, R <1%, S <1%"
218,G,GLY:217:A,3.235,1,"(2.036, 3.297, 2, 1)",e,,371/443,"D 24%, E 18%, V 15%, G 11%, T 5%, S 5%, M 4%, N 3%, K 2%, A 1%, W 1%, R 1%, F <1%, P <1%, Y <1%, Q <1%, L <1%, I <1%"
219,V,VAL:218:A,-0.412,6,"(-0.717, -0.198, 7, 5)",e,,422/443,"T 36%, S 15%, H 12%, V 9%, A 7%, I 6%, R 4%, G 2%, D 1%, L <1%, F <1%, N <1%, M <1%, E <1%"
220,E,GLU:219:A,-0.409,6,"(-0.717, -0.198, 7, 5)",e,,422/443,"T 31%, R 27%, A 18%, G 16%, S 4%, E <1%, I <1%, N <1%, V <1%, D <1%"
221,N,ASN:220:A,-1.501,9,"(-1.714, -1.411, 9, 9)",e,f,422/443,"N 51%, W 20%, G 17%, S 6%, T 2%, P 1%, R <1%, E <1%"
222,E,GLU:221:A,-1.471,9,"(-1.714, -1.328, 9, 8)",e,f,422/443,"D 62%, I 17%, W 10%, L 4%, F 4%, Y <1%, E <1%"
223,I,ILE:222:A,-0.976,7,"(-1.249, -0.795, 8, 7)",b,,422/443,"I 48%, V 23%, N 11%, Y 7%, T 5%, A 1%, E <1%, S <1%, H <1%, F <1%, L <1%"
224,G,GLY:223:A,-1.473,9,"(-1.714, -1.328, 9, 8)",b,s,422/443,"A 60%, G 27%, I 6%, L 4%, V <1%"
225,V,VAL:224:A,-0.495,6,"(-0.795, -0.293, 7, 6)",b,,422/443,"V 44%, W 16%, A 11%, F 8%, I 6%, T 6%, L 4%, M 1%, Y <1%"
226,V,VAL:225:A,-0.259,6,"(-0.556, -0.095, 6, 5)",b,,422/443,"V 44%, I 30%, L 18%, F 2%, A 2%, T <1%"
227,Q,GLN:226:A,0.094,5,"(-0.293, 0.395, 6, 4)",b,,422/443,"W 41%, G 22%, E 17%, Y 9%, K 2%, T 1%, I 1%, V <1%, M <1%, F <1%, L <1%, Q <1%, R <1%, S <1%"
228,L,LEU:227:A,-0.101,5,"(-0.472, 0.129, 6, 5)",e,,417/443,"P 57%, L 8%, I 6%, K 5%, S 5%, Q 4%, V 4%, A 2%, T 1%, R 1%, F <1%, E <1%, W <1%, G <1%"
229,P,PRO:228:A,0.618,4,"(0.129, 0.94, 5, 4)",e,,404/443,"P 26%, D 24%, E 10%, Q 10%, K 9%, T 6%, N 4%, A 2%, V 1%, G <1%, R <1%, S <1%, L <1%, X <1%"
230,D,ASP:229:A,1.078,4,"(0.552, 1.534, 4, 3)",e,,332/443,"G 39%, N 14%, D 13%, T 12%, K 5%, S 5%, A 3%, E 2%, Q 1%, H <1%"
231,G,GLY:230:A,1.104,3,"(0.552, 1.534, 4, 3)",e,,420/443,"R 28%, G 18%, K 16%, E 7%, T 6%, N 5%, H 5%, A 3%, S 3%, D 1%, V 1%, Q <1%, Y <1%, L <1%"
232,R,ARG:231:A,0.104,5,"(-0.198, 0.395, 5, 4)",e,,442/443,"A 36%, V 14%, P 12%, D 9%, R 6%, K 6%, E 3%, T 2%, S 2%, N 2%, Q 2%, H <1%, G <1%"
233,W,TRP:232:A,-0.312,6,"(-0.637, -0.095, 7, 5)",e,,385/443,"P 51%, I 12%, S 12%, V 5%, K 4%, E 4%, D 2%, L 2%, H 1%, A <1%, M <1%, W <1%, T <1%, R <1%"
234,V,VAL:233:A,-0.399,6,"(-0.717, -0.198, 7, 5)",b,,442/443,"L 27%, I 19%, Y 15%, R 14%, V 8%, A 8%, W 5%, F <1%, S <1%"
235,V,VAL:234:A,-0.133,5,"(-0.472, 0.129, 6, 5)",b,,442/443,"V 38%, I 23%, F 20%, Y 8%, A 6%, P 2%, L 1%, T <1%, S <1%"
236,V,VAL:235:A,-0.491,6,"(-0.795, -0.293, 7, 6)",b,,442/443,"L 33%, V 25%, F 21%, G 11%, A 4%, I 3%, M <1%"
237,V,VAL:236:A,-0.765,7,"(-1.021, -0.637, 8, 7)",b,,442/443,"V 40%, A 35%, G 11%, S 5%, D 3%, T 1%, I <1%, N <1%, C <1%"
238,A,ALA:237:A,-0.419,6,"(-0.717, -0.198, 7, 5)",b,,442/443,"V 23%, I 22%, T 19%, C 11%, L 5%, M 4%, S 4%, F 4%, A 1%, R <1%, K <1%, N <1%, H <1%"
239,F,PHE:238:A,-0.709,7,"(-0.946, -0.556, 7, 6)",b,,442/443,"Y 50%, N 16%, L 14%, M 6%, F 4%, A 4%, K 1%, I <1%, T <1%, H <1%, R <1%, P <1%, G <1%"
240,Y,TYR:239:A,-0.285,6,"(-0.556, -0.095, 6, 5)",b,,441/443,"T 25%, F 19%, S 12%, M 12%, L 10%, I 10%, V 6%, Y 1%, A <1%, R <1%, G <1%, N <1%"
241,D,ASP:240:A,0.358,5,"(0.012, 0.552, 5, 4)",e,,425/443,"T 40%, D 18%, R 10%, K 8%, S 5%, E 5%, N 4%, Y 1%, A 1%, H 1%, Q 1%, L <1%, V <1%, I <1%, M <1%, P <1%"
242,R,ARG:241:A,1.012,4,"(0.552, 1.197, 4, 3)",e,,425/443,"Q 20%, D 14%, G 12%, M 11%, A 10%, R 9%, E 5%, I 5%, K 4%, P 1%, V <1%, T <1%, S <1%, N <1%, H <1%"
243,L,LEU:242:A,1.244,3,"(0.73, 1.534, 4, 3)",e,,425/443,"P 34%, S 24%, D 11%, A 6%, T 6%, K 4%, L 3%, R 3%, G 1%, E <1%, N <1%, V <1%, Q <1%, H <1%, I <1%, F <1%"
244,G,GLY:243:A,1.408,3,"(0.73, 1.534, 4, 3)",e,,433/443,"Q 29%, N 16%, K 13%, S 7%, T 7%, E 7%, G 5%, A 4%, P 3%, D 2%, R 1%, L <1%, V <1%"
245,T,THR:244:A,1.203,3,"(0.73, 1.534, 4, 3)",e,,433/443,"A 23%, K 15%, Q 14%, P 9%, E 8%, R 6%, S 5%, Y 4%, G 4%, L 3%, V 2%, D <1%, N <1%, I <1%, T <1%"
246,G,GLY:245:A,1.378,3,"(0.73, 1.534, 4, 3)",e,,347/443,"D 24%, N 16%, S 15%, T 14%, K 10%, G 5%, M 4%, E 3%, Q 1%, I 1%, V <1%, L <1%, H <1%"
247,S,SER:246:A,0.61,4,"(0.129, 0.94, 5, 4)",e,,351/443,"A 44%, M 19%, D 12%, Y 5%, S 5%, P 3%, N 1%, I 1%, L 1%, T 1%, E 1%, R <1%, F <1%, G <1%, K <1%, H <1%"
248,P,PRO:247:A,1.364,3,"(0.552, 2.036, 4, 2)",e,,76/443,"N 21%, G 18%, A 13%, D 11%, T 9%, S 6%, L 3%, R 3%, E 2%, I 2%, Q 2%, P 1%, V 1%, M 1%"
249,R,ARG:248:A,2.339,2,"(1.197, 3.297, 3, 1)",e,,184/443,"K 15%, H 13%, D 11%, S 11%, T 10%, I 8%, R 6%, E 3%, V 3%, N 3%, A 3%, P 3%, L 2%, Y 1%, F 1%"
250,D,ASP:249:A,-0.344,6,"(-0.717, -0.095, 7, 5)",e,,193/443,"S 37%, G 15%, K 13%, R 12%, Y 9%, N 4%, A 2%, H 1%, T 1%, E 1%, D <1%, L <1%"
251,P,PRO:250:A,-0.674,7,"(-1.021, -0.472, 8, 6)",e,,164/443,"L 45%, E 20%, P 14%, A 11%, V 3%, I 1%, R 1%, T <1%, F <1%"
252,A,ALA:251:A,0.493,4,"(0.012, 0.73, 5, 4)",e,,405/443,"D 22%, G 18%, A 17%, R 13%, K 9%, P 5%, Q 5%, E 4%, H 1%, T <1%, L <1%, S <1%, N <1%"
253,V,VAL:252:A,-0.159,5,"(-0.472, 0.012, 6, 5)",b,,407/443,"V 31%, L 29%, Q 16%, N 11%, I 6%, A 2%, Y 1%, T <1%, F <1%"
254,V,VAL:253:A,-1.094,8,"(-1.328, -0.946, 8, 7)",b,,407/443,"I 42%, L 34%, R 12%, V 9%, K <1%, A <1%, G <1%"
255,G,GLY:254:A,-0.56,6,"(-0.795, -0.385, 7, 6)",e,,442/443,"A 64%, K 9%, G 7%, Q 5%, E 4%, N 3%, S 2%, D 1%, M <1%, V <1%, I <1%, R <1%"
256,E,GLU:255:A,-0.041,5,"(-0.385, 0.129, 6, 5)",e,,441/443,"E 32%, S 23%, A 17%, D 16%, G 3%, Q 2%, N 1%, K 1%, T <1%, R <1%"
257,L,LEU:256:A,-1.086,8,"(-1.328, -0.946, 8, 7)",b,,420/443,"A 52%, I 34%, V 6%, T 3%, L 2%, F <1%"
258,G,GLY:257:A,0.153,5,"(-0.293, 0.395, 6, 4)",b,,375/443,"A 43%, G 22%, T 11%, D 10%, P 5%, S 2%, N 2%, C 1%"
259,R,ARG:258:A,0.363,4,"(-0.095, 0.73, 5, 4)",e,,334/443,"R 30%, A 21%, K 20%, T 14%, L 5%, Q 4%, E 1%, I <1%, V <1%, H <1%, M <1%, S <1%"
260,I,ILE:259:A,1.009,4,"(0.395, 1.534, 4, 3)",e,,334/443,"I 32%, S 19%, A 12%, L 11%, E 8%, V 7%, C 5%, K <1%, D <1%, Q <1%, T <1%"
261,C,CYS:260:A,0.134,5,"(-0.293, 0.395, 6, 4)",b,,334/443,"V 30%, L 20%, I 18%, A 15%, H 7%, E 5%, F <1%, C <1%, T <1%, S <1%"
262,A,ALA:261:A,1.18,3,"(0.552, 1.534, 4, 3)",b,,400/443,"A 21%, I 18%, T 16%, L 13%, Y 11%, W 6%, M 5%, V 3%, F 1%, S <1%, R <1%, D <1%"
263,E,GLU:262:A,0.897,4,"(0.395, 1.197, 4, 3)",e,,441/443,"E 23%, K 23%, A 7%, R 7%, D 6%, T 5%, P 4%, G 4%, Q 4%, Y 3%, H 2%, I 1%, M 1%, S <1%, L <1%, V <1%, N <1%"
264,Y,TYR:263:A,0.658,4,"(0.129, 0.94, 5, 4)",e,,245/443,"K 23%, R 20%, E 20%, A 8%, V 5%, S 5%, M 3%, H 2%, L 2%, T 2%, I 2%, N 1%, D <1%, Y <1%, G <1%"
265,I,ILE:264:A,1.007,4,"(0.395, 1.534, 4, 3)",e,,223/443,"Q 15%, A 14%, N 14%, R 11%, S 10%, T 10%, K 7%, L 4%, D 3%, E 2%, H 2%, I 1%, V <1%"
266,L,LEU:265:A,1.453,3,"(0.73, 2.036, 4, 2)",e,,217/443,"L 20%, E 19%, F 12%, I 10%, G 9%, V 5%, A 4%, Y 4%, D 4%, H 3%, M 1%, N <1%, S <1%, P <1%, K <1%, R <1%, Q <1%"
267,E,GLU:266:A,1.086,3,"(0.552, 1.534, 4, 3)",e,,213/443,"G 31%, K 23%, Q 13%, E 6%, R 5%, N 4%, H 4%, Y 2%, L 2%, A 1%, V 1%, S 1%, I <1%, P <1%"
268,R,ARG:267:A,0.717,4,"(0.129, 1.197, 5, 3)",e,,165/443,"I 42%, M 16%, V 13%, L 7%, S 4%, F 3%, A 3%, G 2%, T 1%, Y 1%, H 1%, R <1%, E <1%, K <1%, D <1%"
269,L,LEU:268:A,-0.41,6,"(-0.795, -0.198, 7, 5)",e,,163/443,"I 53%, V 17%, L 15%, F 7%, R 1%, A 1%, E <1%, W <1%"
270,A,ALA:269:A,-0.089,5,"(-0.472, 0.256, 6, 5)",e,,136/443,"V 23%, P 17%, I 16%, G 13%, L 13%, T 3%, A 2%, K 2%, H 2%, R 2%, S 2%, E <1%, N <1%"
